{
 "cells": [
  {
   "cell_type": "code",
   "execution_count": 1,
   "metadata": {},
   "outputs": [],
   "source": [
    "import numpy as np\n",
    "from scipy.stats import multivariate_normal as N\n",
    "import matplotlib.pyplot as plt\n",
    "from matplotlib import cm\n",
    "import pandas as pd\n",
    "\n",
    "def plot_gaussian_mixture(mu, cov, P, X = None, granularity = 50):\n",
    "    \n",
    "    if len(mu[0]) > 2:\n",
    "        raise Exception(\"Plotting supported only for 2D data.\")\n",
    "    if len(mu) != len(cov):\n",
    "        raise Exception(\"mu and cov don't have same length\")\n",
    "    if len(mu) != len(P):\n",
    "        raise Exception(\"mu and P don't have same length\")\n",
    "    \n",
    "    # set up mixted density function (slide 16)\n",
    "    f = lambda x: sum([N.pdf(x, mu[i], cov[i]) * P[i]  for i in range(len(mu))])\n",
    "          \n",
    "    # create grid\n",
    "    min_x1, max_x1 = np.inf, -np.inf\n",
    "    min_x2, max_x2 = np.inf, -np.inf\n",
    "    span = 5\n",
    "    for i in range(len(mu)):\n",
    "        min_x1 = min(min_x1, mu[i][0] - span * cov[i][0,0])\n",
    "        min_x2 = min(min_x2, mu[i][1] - span * cov[i][1,1])\n",
    "        max_x1 = max(max_x1, mu[i][0] + span * cov[i][0,0])\n",
    "        max_x2 = max(max_x2, mu[i][1] + span * cov[i][1,1])\n",
    "    min_x1 -= 1\n",
    "    min_x2 -= 1\n",
    "    max_x1 += 1\n",
    "    max_x2 += 1\n",
    "    X1 = np.linspace(min_x1, max_x1, granularity)\n",
    "    X2 = np.linspace(min_x2, max_x2, granularity)\n",
    "    Z = np.zeros((granularity, granularity))\n",
    "    \n",
    "    # compute densities in grid\n",
    "    M_X1, M_X2 = np.meshgrid(X1, X2)\n",
    "    for i in range(granularity):\n",
    "        for j in range(granularity):\n",
    "            x1, x2 = M_X1[i,j], M_X2[i,j]\n",
    "            Z[i,j] = f([x1,x2])\n",
    "    \n",
    "    # create 3D plot with surface\n",
    "    fig, ax = plt.subplots(subplot_kw={\"projection\": \"3d\"}, figsize=(10, 10))\n",
    "    ax.plot_wireframe(M_X1, M_X2, Z, linewidth=1,alpha=0.6)\n",
    "    ax.set_xlim(min_x1, max_x1)\n",
    "    ax.set_ylim(min_x2, max_x2)\n",
    "    ax.set_xlabel(\"X1\")\n",
    "    ax.set_ylabel(\"X2\")\n",
    "    \n",
    "    # scatter the points into the plot\n",
    "    if X is not None:\n",
    "        ax.scatter(X[:,0], X[:,1], 0)"
   ]
  },
  {
   "cell_type": "markdown",
   "metadata": {},
   "source": [
    "# Exercise 2"
   ]
  },
  {
   "cell_type": "markdown",
   "metadata": {},
   "source": [
    "## Plots\n",
    "### Dependent"
   ]
  },
  {
   "cell_type": "code",
   "execution_count": 5,
   "metadata": {
    "scrolled": false
   },
   "outputs": [
    {
     "name": "stdout",
     "output_type": "stream",
     "text": [
      "[array([-2.65889404,  0.19071151]), array([-0.76362906, -0.25280137]), array([1.63451792, 0.03824792])]\n",
      "cambio [[7.60766838e-01 2.36835999e-01 2.39716310e-03]\n",
      " [7.08513967e-01 2.90187886e-01 1.29814703e-03]\n",
      " [7.93831920e-01 2.05467585e-01 7.00494720e-04]\n",
      " [7.03985275e-01 2.95011020e-01 1.00370491e-03]\n",
      " [7.81380637e-01 2.16576429e-01 2.04293399e-03]\n",
      " [6.02394335e-01 3.82104122e-01 1.55015427e-02]\n",
      " [7.71055322e-01 2.27984495e-01 9.60183242e-04]\n",
      " [7.11548929e-01 2.85916955e-01 2.53411565e-03]\n",
      " [7.38351665e-01 2.61187988e-01 4.60347181e-04]\n",
      " [6.95954793e-01 3.02437335e-01 1.60787200e-03]\n",
      " [7.17260750e-01 2.76358410e-01 6.38084088e-03]\n",
      " [6.82542211e-01 3.15178116e-01 2.27967273e-03]\n",
      " [7.36501081e-01 2.62557813e-01 9.41105805e-04]\n",
      " [8.73157763e-01 1.26709096e-01 1.33141446e-04]\n",
      " [8.36959082e-01 1.56674243e-01 6.36667553e-03]\n",
      " [7.42458464e-01 2.37690174e-01 1.98513621e-02]\n",
      " [7.92151603e-01 2.02967043e-01 4.88135382e-03]\n",
      " [7.42941000e-01 2.54340207e-01 2.71879303e-03]\n",
      " [5.72129036e-01 4.04582774e-01 2.32881897e-02]\n",
      " [7.40065622e-01 2.55772174e-01 4.16220418e-03]\n",
      " [5.64922473e-01 4.25524744e-01 9.55278310e-03]\n",
      " [7.06734177e-01 2.88759682e-01 4.50614107e-03]\n",
      " [9.13873736e-01 8.58800130e-02 2.46250687e-04]\n",
      " [5.10710155e-01 4.82272724e-01 7.01712059e-03]\n",
      " [5.20530914e-01 4.74390286e-01 5.07879943e-03]\n",
      " [5.95986695e-01 4.01258267e-01 2.75503840e-03]\n",
      " [6.18665253e-01 3.77086405e-01 4.24834250e-03]\n",
      " [7.07446430e-01 2.88619295e-01 3.93427469e-03]\n",
      " [7.38849428e-01 2.58344775e-01 2.80579718e-03]\n",
      " [6.60759885e-01 3.37536814e-01 1.70330147e-03]\n",
      " [6.34171764e-01 3.63858042e-01 1.97019439e-03]\n",
      " [6.28896212e-01 3.64084539e-01 7.01924879e-03]\n",
      " [8.02668996e-01 1.92888648e-01 4.44235666e-03]\n",
      " [8.11595005e-01 1.81369646e-01 7.03534904e-03]\n",
      " [6.95954793e-01 3.02437335e-01 1.60787200e-03]\n",
      " [8.08753654e-01 1.90306827e-01 9.39519566e-04]\n",
      " [7.68751875e-01 2.27310992e-01 3.93713274e-03]\n",
      " [6.95954793e-01 3.02437335e-01 1.60787200e-03]\n",
      " [7.91910044e-01 2.07736132e-01 3.53824447e-04]\n",
      " [7.02146499e-01 2.94766164e-01 3.08733666e-03]\n",
      " [7.91574695e-01 2.06784002e-01 1.64130244e-03]\n",
      " [6.66336580e-01 3.33302880e-01 3.60540575e-04]\n",
      " [8.14703801e-01 1.84914191e-01 3.82007835e-04]\n",
      " [5.89933890e-01 4.04468546e-01 5.59756360e-03]\n",
      " [5.08091313e-01 4.78049658e-01 1.38590286e-02]\n",
      " [6.97921382e-01 3.00875735e-01 1.20288245e-03]\n",
      " [7.13702887e-01 2.81356449e-01 4.94066387e-03]\n",
      " [7.62323697e-01 2.36897421e-01 7.78881969e-04]\n",
      " [7.26745768e-01 2.68017639e-01 5.23659235e-03]\n",
      " [7.42490162e-01 2.55704154e-01 1.80568329e-03]\n",
      " [7.52419318e-06 3.70083275e-02 9.62984148e-01]\n",
      " [4.31370814e-05 1.14031411e-01 8.85925452e-01]\n",
      " [4.01737996e-06 3.51808952e-02 9.64815087e-01]\n",
      " [8.19995961e-04 7.46645831e-01 2.52534173e-01]\n",
      " [2.66381464e-05 1.23266420e-01 8.76706942e-01]\n",
      " [1.88254460e-04 4.04592678e-01 5.95219067e-01]\n",
      " [2.24634542e-05 9.14763954e-02 9.08501141e-01]\n",
      " [9.44273174e-03 9.46540539e-01 4.40167290e-02]\n",
      " [2.89176276e-05 1.07536587e-01 8.92434496e-01]\n",
      " [1.48926665e-03 7.80446969e-01 2.18063764e-01]\n",
      " [4.31437266e-03 9.49614132e-01 4.60714953e-02]\n",
      " [2.79332996e-04 3.47396295e-01 6.52324372e-01]\n",
      " [6.81303436e-04 6.24247007e-01 3.75071690e-01]\n",
      " [4.54895357e-05 1.87463526e-01 8.12490985e-01]\n",
      " [2.81577105e-03 7.00864927e-01 2.96319302e-01]\n",
      " [3.98796742e-05 9.36951238e-02 9.06264997e-01]\n",
      " [1.73058241e-04 3.72489202e-01 6.27337740e-01]\n",
      " [7.59454022e-04 5.56858110e-01 4.42382436e-01]\n",
      " [6.41853491e-05 3.20559456e-01 6.79376358e-01]\n",
      " [1.33231042e-03 7.22948581e-01 2.75719108e-01]\n",
      " [2.60844503e-05 1.45391171e-01 8.54582745e-01]\n",
      " [4.86340946e-04 4.01021873e-01 5.98491786e-01]\n",
      " [1.44787793e-05 1.50523558e-01 8.49461963e-01]\n",
      " [6.02738762e-05 2.20819865e-01 7.79119861e-01]\n",
      " [1.15501789e-04 1.99383892e-01 8.00500606e-01]\n",
      " [4.90529361e-05 1.18590114e-01 8.81360833e-01]\n",
      " [8.58115428e-06 6.47900048e-02 9.35201414e-01]\n",
      " [3.22964535e-06 4.22544215e-02 9.57742349e-01]\n",
      " [9.10775268e-05 2.51087152e-01 7.48821770e-01]\n",
      " [4.02137795e-03 7.78951842e-01 2.17026780e-01]\n",
      " [1.78379281e-03 7.94042192e-01 2.04174015e-01]\n",
      " [2.54677218e-03 8.21871292e-01 1.75581936e-01]\n",
      " [1.05371715e-03 5.93819429e-01 4.05126854e-01]\n",
      " [1.09533631e-05 1.49491475e-01 8.50497571e-01]\n",
      " [2.29827698e-04 4.53204552e-01 5.46565620e-01]\n",
      " [7.76077248e-05 1.63839472e-01 8.36082921e-01]\n",
      " [1.21655266e-05 6.20331124e-02 9.37954722e-01]\n",
      " [9.85836789e-05 3.15434800e-01 6.84466616e-01]\n",
      " [7.33387297e-04 5.27280922e-01 4.71985691e-01]\n",
      " [8.99250806e-04 7.08464473e-01 2.90636276e-01]\n",
      " [3.51953182e-04 5.80641893e-01 4.19006154e-01]\n",
      " [6.30652257e-05 1.92726520e-01 8.07210415e-01]\n",
      " [7.70738059e-04 5.85721154e-01 4.13508108e-01]\n",
      " [8.38889975e-03 9.44483053e-01 4.71280468e-02]\n",
      " [5.05743098e-04 5.66706353e-01 4.32787904e-01]\n",
      " [5.44717520e-04 4.66714321e-01 5.32740962e-01]\n",
      " [4.71099965e-04 4.77188811e-01 5.22340089e-01]\n",
      " [1.63151091e-04 2.58025028e-01 7.41811821e-01]\n",
      " [1.65013022e-02 9.35746644e-01 4.77520538e-02]\n",
      " [6.14905164e-04 5.33822972e-01 4.65562123e-01]\n",
      " [6.10982509e-08 1.11356104e-02 9.88864328e-01]\n",
      " [1.03707293e-05 1.72441737e-01 8.27547892e-01]\n",
      " [3.18215518e-08 5.57627338e-03 9.94423695e-01]\n",
      " [7.77990649e-07 3.93419175e-02 9.60657304e-01]\n",
      " [1.37237682e-07 1.62125453e-02 9.83787317e-01]\n",
      " [9.13524711e-10 9.73560877e-04 9.99026438e-01]\n",
      " [2.67148841e-04 7.34961777e-01 2.64771074e-01]\n",
      " [8.04242899e-09 3.07866377e-03 9.96921328e-01]\n",
      " [1.83484048e-07 2.32333411e-02 9.76766475e-01]\n",
      " [6.02192301e-09 1.64314391e-03 9.98356850e-01]\n",
      " [2.10749310e-06 3.64588403e-02 9.63539052e-01]\n",
      " [1.63518804e-06 5.56328264e-02 9.44365538e-01]\n",
      " [2.47621607e-07 1.53703358e-02 9.84629417e-01]\n",
      " [1.51144050e-05 2.43735466e-01 7.56249419e-01]\n",
      " [5.06088456e-06 1.25877884e-01 8.74117056e-01]\n",
      " [8.19618127e-07 2.83967709e-02 9.71602410e-01]\n",
      " [7.19554133e-07 2.94523786e-02 9.70546902e-01]\n",
      " [3.67673867e-10 3.16477636e-04 9.99683522e-01]\n",
      " [2.06865290e-10 7.34291324e-04 9.99265708e-01]\n",
      " [1.79653622e-05 2.55260542e-01 7.44721492e-01]\n",
      " [6.98932277e-08 7.46190802e-03 9.92538022e-01]\n",
      " [2.47629958e-05 2.45243023e-01 7.54732214e-01]\n",
      " [6.30887903e-10 9.26044406e-04 9.99073955e-01]\n",
      " [9.22403665e-06 1.10337087e-01 8.89653689e-01]\n",
      " [1.39841150e-07 1.05210317e-02 9.89478828e-01]\n",
      " [2.69549790e-08 4.02752287e-03 9.95972450e-01]\n",
      " [1.55100461e-05 1.31687659e-01 8.68296831e-01]\n",
      " [1.30129451e-05 1.14775197e-01 8.85211790e-01]\n",
      " [4.15504669e-07 3.13832783e-02 9.68616306e-01]\n",
      " [7.77338142e-08 7.05510968e-03 9.92944813e-01]\n",
      " [1.17366144e-08 3.52685982e-03 9.96473128e-01]\n",
      " [9.50367772e-10 3.74118900e-04 9.99625880e-01]\n",
      " [3.58364446e-07 2.97654098e-02 9.70234232e-01]\n",
      " [7.03927013e-06 9.26709121e-02 9.07322049e-01]\n",
      " [2.20489435e-06 8.67920118e-02 9.13205783e-01]\n",
      " [3.27335301e-09 1.41930255e-03 9.98580694e-01]\n",
      " [2.87282789e-07 1.78901441e-02 9.82109569e-01]\n",
      " [8.65335994e-07 3.15350898e-02 9.68464045e-01]\n",
      " [2.20875263e-05 1.48656489e-01 8.51321424e-01]\n",
      " [2.80410941e-07 1.34849945e-02 9.86514725e-01]\n",
      " [1.33680123e-07 1.23233452e-02 9.87676521e-01]\n",
      " [6.04649378e-07 1.78166403e-02 9.82182755e-01]\n",
      " [1.03707293e-05 1.72441737e-01 8.27547892e-01]\n",
      " [4.22552663e-08 6.79395549e-03 9.93206002e-01]\n",
      " [7.70245414e-08 8.47443332e-03 9.91525490e-01]\n",
      " [6.56396646e-07 2.38953172e-02 9.76104026e-01]\n",
      " [5.82567595e-06 1.11095883e-01 8.88898292e-01]\n",
      " [1.54354677e-06 3.87117745e-02 9.61286682e-01]\n",
      " [8.32535687e-07 2.86804506e-02 9.71318717e-01]\n",
      " [9.62346464e-06 1.22353448e-01 8.77636929e-01]]\n",
      "0.7607668376614386  *  -2.6842071251039497  -  -2.6588940415237565  *  0.3266073147643885  -  0.1907115059658418\n",
      "0.7085139671558077  *  -2.715390615634132  -  -2.6588940415237565  *  -0.1695568475560258  -  0.1907115059658418\n",
      "0.7938319201101309  *  -2.8898195396179167  -  -2.6588940415237565  *  -0.1373456096050274  -  0.1907115059658418\n",
      "0.7039852752530669  *  -2.7464371973087345  -  -2.6588940415237565  *  -0.3111243157519913  -  0.1907115059658418\n",
      "0.7813806367075443  *  -2.7285929818313144  -  -2.6588940415237565  *  0.3339245635684545  -  0.1907115059658418\n",
      "0.6023943348515739  *  -2.279897361009597  -  -2.6588940415237565  *  0.747782713225133  -  0.1907115059658418\n",
      "0.7710553218700158  *  -2.8208906821806297  -  -2.6588940415237565  *  -0.0821045110246805  -  0.1907115059658418\n",
      "0.7115489289722428  *  -2.626481993323819  -  -2.6588940415237565  *  0.1704053489602899  -  0.1907115059658418\n",
      "0.7383516651160702  *  -2.887958565335635  -  -2.6588940415237565  *  -0.5707980263315909  -  0.1907115059658418\n",
      "0.6959547930982838  *  -2.673844686719121  -  -2.6588940415237565  *  -0.1066917037527384  -  0.1907115059658418\n",
      "0.7172607495163263  *  -2.5065267893389023  -  -2.6588940415237565  *  0.6519350136725713  -  0.1907115059658418\n",
      "0.6825422108055932  *  -2.613142718271056  -  -2.6588940415237565  *  0.021520631960258  -  0.1907115059658418\n",
      "0.7365010811480615  *  -2.7874339759970974  -  -2.6588940415237565  *  -0.227740188871106  -  0.1907115059658418\n",
      "0.8731577629635006  *  -3.225200446274981  -  -2.6588940415237565  *  -0.5032799094854251  -  0.1907115059658418\n",
      "0.836959081893672  *  -2.643543216941145  -  -2.6588940415237565  *  1.186194899413448  -  0.1907115059658418\n",
      "0.7424584641650029  *  -2.383869323799374  -  -2.6588940415237565  *  1.344754344559861  -  0.1907115059658418\n",
      "0.7921516033792977  *  -2.6225262031258074  -  -2.6588940415237565  *  0.8180896745965945  -  0.1907115059658418\n",
      "0.7429409999798214  *  -2.648322732479126  -  -2.6588940415237565  *  0.3191366677508845  -  0.1907115059658418\n",
      "0.5721290364429769  *  -2.199077961430762  -  -2.6588940415237565  *  0.8792440880917359  -  0.1907115059658418\n",
      "0.7400656215143362  *  -2.587346188917737  -  -2.6588940415237565  *  0.5204736388059675  -  0.1907115059658418\n",
      "0.5649224729194244  *  -2.310531701313133  -  -2.6588940415237565  *  0.3978678215888916  -  0.1907115059658418\n",
      "0.7067341765721806  *  -2.543234907303695  -  -2.6588940415237565  *  0.4400317546598151  -  0.1907115059658418\n",
      "0.9138737362859954  *  -3.2158576949001048  -  -2.6588940415237565  *  0.1416155716255837  -  0.1907115059658418\n",
      "0.5107101550594837  *  -2.303128537663882  -  -2.6588940415237565  *  0.1055226784299822  -  0.1907115059658418\n",
      "0.5205309143910938  *  -2.3561710866838976  -  -2.6588940415237565  *  -0.0312095890683381  -  0.1907115059658418\n",
      "0.5959866947902805  *  -2.50791722683788  -  -2.6588940415237565  *  -0.1390563399131739  -  0.1907115059658418\n",
      "0.6186652526256949  *  -2.4690559975451225  -  -2.6588940415237565  *  0.1378873145904177  -  0.1907115059658418\n",
      "0.7074464299464013  *  -2.56239094683675  -  -2.6588940415237565  *  0.3746845627501058  -  0.1907115059658418\n",
      "0.7388494276043922  *  -2.6398212683765814  -  -2.6588940415237565  *  0.3192900659603216  -  0.1907115059658418\n",
      "0.6607598845892285  *  -2.632847908030758  -  -2.6588940415237565  *  -0.1900758306336237  -  0.1907115059658418\n",
      "0.634171763764529  *  -2.588462051303392  -  -2.6588940415237565  *  -0.1973930794376906  -  0.1907115059658418\n",
      "0.628896212365987  *  -2.410077337121595  -  -2.6588940415237565  *  0.4180800082476157  -  0.1907115059658418\n",
      "0.8026689957601004  *  -2.6476366733969  -  -2.6588940415237565  *  0.8199826325595064  -  0.1907115059658418\n",
      "0.8115950049641999  *  -2.597159477075917  -  -2.6588940415237565  *  1.1000219280072678  -  0.1907115059658418\n",
      "0.6959547930982838  *  -2.673844686719121  -  -2.6588940415237565  *  -0.1066917037527384  -  0.1907115059658418\n",
      "0.8087536535413786  *  -2.866999846932534  -  -2.6588940415237565  *  0.0771930957235871  -  0.1907115059658418\n",
      "0.7687518748868287  *  -2.6252284646804203  -  -2.6588940415237565  *  0.6068000084215858  -  0.1907115059658418\n",
      "0.6959547930982838  *  -2.673844686719121  -  -2.6588940415237565  *  -0.1066917037527384  -  0.1907115059658418\n",
      "0.7919100438251763  *  -2.981842664853909  -  -2.6588940415237565  *  -0.480250048856076  -  0.1907115059658418\n",
      "0.7021464993984056  *  -2.5903230255856733  -  -2.6588940415237565  *  0.2360593372888727  -  0.1907115059658418\n",
      "0.7915746951902362  *  -2.7701389107463235  -  -2.6588940415237565  *  0.2710594197651669  -  0.1907115059658418\n",
      "0.6663365798160595  *  -2.8522110815663915  -  -2.6588940415237565  *  -0.9328653674695436  -  0.1907115059658418\n",
      "0.8147038013358844  *  -2.9982964428323515  -  -2.6588940415237565  *  -0.3343075745907766  -  0.1907115059658418\n",
      "0.589933890159841  *  -2.405514101284701  -  -2.6588940415237565  *  0.1959172576960607  -  0.1907115059658418\n",
      "0.508091313136471  *  -2.2088329541767044  -  -2.6588940415237565  *  0.4426960304210026  -  0.1907115059658418\n",
      "0.697921382341957  *  -2.7156651907474543  -  -2.6588940415237565  *  -0.2426814828981126  -  0.1907115059658418\n",
      "0.7137028872919561  *  -2.537573371013506  -  -2.6588940415237565  *  0.5103675454766056  -  0.1907115059658418\n",
      "0.7623236973577366  *  -2.8403212968270086  -  -2.6588940415237565  *  -0.2205763382764762  -  0.1907115059658418\n",
      "0.7267457684667507  *  -2.542685757077048  -  -2.6588940415237565  *  0.5862810253439881  -  0.1907115059658418\n",
      "0.7424901623783758  *  -2.7039123148636497  -  -2.6588940415237565  *  0.1150108521705056  -  0.1907115059658418\n",
      "7.524193178193087e-06  *  1.2847945878450715  -  -2.6588940415237565  *  0.6854391861329192  -  0.1907115059658418\n",
      "4.313708140141363e-05  *  0.932410752982918  -  -2.6588940415237565  *  0.3191980898336484  -  0.1907115059658418\n",
      "4.017379959593643e-06  *  1.4640613227790755  -  -2.6588940415237565  *  0.5041898329724525  -  0.1907115059658418\n",
      "0.0008199959608210213  *  0.1809672063476985  -  -2.6588940415237565  *  -0.8256039435761127  -  0.1907115059658418\n",
      "2.6638146370752505e-05  *  1.0871344872070008  -  -2.6588940415237565  *  0.0753903892887672  -  0.1907115059658418\n",
      "0.0001882544603848229  *  0.6404367495231453  -  -2.6588940415237565  *  -0.4173234829700253  -  0.1907115059658418\n",
      "2.2463454153438514e-05  *  1.0952237099384785  -  -2.6588940415237565  *  0.2838912109384801  -  0.1907115059658418\n",
      "0.009442731742664131  *  -0.7514671406482273  -  -2.6588940415237565  *  -1.0011075129743932  -  0.1907115059658418\n",
      "2.8917627648504446e-05  *  1.043297780706281  -  -2.6588940415237565  *  0.2289569087770064  -  0.1907115059658418\n",
      "0.0014892666451229108  *  -0.0101900707278535  -  -2.6588940415237565  *  -0.7205748667019007  -  0.1907115059658418\n",
      "0.004314372658630825  *  -0.5110861958950913  -  -2.6588940415237565  *  -1.2624919538621393  -  0.1907115059658418\n",
      "0.00027933299553349123  *  0.5110980606834774  -  -2.6588940415237565  *  -0.1022841050459701  -  0.1907115059658418\n",
      "0.000681303436343224  *  0.2623357561531802  -  -2.6588940415237565  *  -0.5478932980253366  -  0.1907115059658418\n",
      "4.548953573828158e-05  *  0.9840445451694309  -  -2.6588940415237565  *  -0.1243604202222778  -  0.1907115059658418\n",
      "0.0028157710507407756  *  -0.1748640019656961  -  -2.6588940415237565  *  -0.2518155710801703  -  0.1907115059658418\n",
      "3.987967423348013e-05  *  0.9275729420327  -  -2.6588940415237565  *  0.4682362050431165  -  0.1907115059658418\n",
      "0.00017305824062390502  *  0.6595927890562003  -  -2.6588940415237565  *  -0.3519762910603161  -  0.1907115059658418\n",
      "0.0007594540215012306  *  0.2345405862598355  -  -2.6588940415237565  *  -0.33192182936212  -  0.1907115059658418\n",
      "6.418534911420405e-05  *  0.942361707398842  -  -2.6588940415237565  *  -0.5418222581500137  -  0.1907115059658418\n",
      "0.001332310420027123  *  0.0432464003287045  -  -2.6588940415237565  *  -0.5814894466123582  -  0.1907115059658418\n",
      "2.608445025188192e-05  *  1.1162407237538157  -  -2.6588940415237565  *  -0.0842140138783732  -  0.1907115059658418\n",
      "0.0004863409464881945  *  0.3567865678304614  -  -2.6588940415237565  *  -0.0668238279413662  -  0.1907115059658418\n",
      "1.4478779276734067e-05  *  1.2964688502855335  -  -2.6588940415237565  *  -0.3275615197949441  -  0.1907115059658418\n",
      "6.027387620712614e-05  *  0.9205026489090096  -  -2.6588940415237565  *  -0.1823903633279208  -  0.1907115059658418\n",
      "0.00011550178863279515  *  0.7140082136428335  -  -2.6588940415237565  *  0.1503791531484369  -  0.1907115059658418\n",
      "4.905293608964378e-05  *  0.8996408632837765  -  -2.6588940415237565  *  0.3296109795818835  -  0.1907115059658418\n",
      "8.58115428423348e-06  *  1.3310414188547202  -  -2.6588940415237565  *  0.2446695206022888  -  0.1907115059658418\n",
      "3.2296453534690416e-06  *  1.5573962720707024  -  -2.6588940415237565  *  0.2673925848127644  -  0.1907115059658418\n",
      "9.107752676513579e-05  *  0.8124555489980018  -  -2.6588940415237565  *  -0.1623315748786331  -  0.1907115059658418\n",
      "0.0040213779514693395  *  -0.3073347556634043  -  -2.6588940415237565  *  -0.36508661276616  -  0.1907115059658418\n",
      "0.0017837928089923741  *  -0.0703428889492717  -  -2.6588940415237565  *  -0.7025379317307254  -  0.1907115059658418\n",
      "0.002546772184502177  *  -0.1918844921031458  -  -2.6588940415237565  *  -0.6774905443743567  -  0.1907115059658418\n",
      "0.0010537171540036191  *  0.1349949504513733  -  -2.6588940415237565  *  -0.3117096427033959  -  0.1907115059658418\n",
      "1.0953363120399465e-05  *  1.3787369827755829  -  -2.6588940415237565  *  -0.4212051382146279  -  0.1907115059658418\n",
      "0.00022982769779474597  *  0.5872748535799104  -  -2.6588940415237565  *  -0.4832842677174818  -  0.1907115059658418\n",
      "7.760772480013139e-05  *  0.8072054966767166  -  -2.6588940415237565  *  0.1950539637711114  -  0.1907115059658418\n",
      "1.2165526634530402e-05  *  1.22042896624468  -  -2.6588940415237565  *  0.4080353370010169  -  0.1907115059658418\n",
      "9.858367891326919e-05  *  0.8128677903690695  -  -2.6588940415237565  *  -0.3706789983189095  -  0.1907115059658418\n",
      "0.0007333872971743441  *  0.2451951616903459  -  -2.6588940415237565  *  -0.2667280356618476  -  0.1907115059658418\n",
      "0.0008992508062391839  *  0.1645134283692555  -  -2.6588940415237565  *  -0.6796614693108131  -  0.1907115059658418\n",
      "0.00035195318243769235  *  0.463030988871424  -  -2.6588940415237565  *  -0.6695265465361219  -  0.1907115059658418\n",
      "6.306522569535255e-05  *  0.8901604456511564  -  -2.6588940415237565  *  -0.0338124427467626  -  0.1907115059658418\n",
      "0.0007707380585657922  *  0.2288790499696475  -  -2.6588940415237565  *  -0.402257620178911  -  0.1907115059658418\n",
      "0.00838889974821996  *  -0.7070812839208609  -  -2.6588940415237565  *  -1.00842476177846  -  0.1907115059658418\n",
      "0.000505743097551978  *  0.3555330391870634  -  -2.6588940415237565  *  -0.5032184874026618  -  0.1907115059658418\n",
      "0.0005447175200238249  *  0.3311269473327227  -  -2.6588940415237565  *  -0.2111801406626264  -  0.1907115059658418\n",
      "0.00047109996546833104  *  0.3752382289467656  -  -2.6588940415237565  *  -0.2916220248087794  -  0.1907115059658418\n",
      "0.00016315109053184376  *  0.6416902781665432  -  -2.6588940415237565  *  0.0190711764912706  -  0.1907115059658418\n",
      "0.01650130218808528  *  -0.9084633331234953  -  -2.6588940415237565  *  -0.7515687251694847  -  0.1907115059658418\n",
      "0.0006149051637991242  *  0.2978079074069339  -  -2.6588940415237565  *  -0.3470165215985635  -  0.1907115059658418\n",
      "6.109825088026826e-08  *  2.531726980439558  -  -2.6588940415237565  *  -0.0118422366403002  -  0.1907115059658418\n",
      "1.0370729314645247e-05  *  1.414072225173757  -  -2.6588940415237565  *  -0.5749250559123041  -  0.1907115059658418\n",
      "3.1821551833175427e-08  *  2.616484608284044  -  -2.6588940415237565  *  0.3419352869872942  -  0.1907115059658418\n",
      "7.779906489036053e-07  *  1.9708149459064817  -  -2.6588940415237565  *  -0.1811256947049135  -  0.1907115059658418\n",
      "1.3723768248201854e-07  *  2.3497579839509424  -  -2.6588940415237565  *  -0.0418825496548418  -  0.1907115059658418\n",
      "9.135247109192602e-10  *  3.3968799206781384  -  -2.6588940415237565  *  0.547168046230152  -  0.1907115059658418\n",
      "0.0002671488412918701  *  0.5193832450849353  -  -2.6588940415237565  *  -1.191351689050652  -  0.1907115059658418\n",
      "8.042428986146827e-09  *  2.9320050969913014  -  -2.6588940415237565  *  0.3523770061808591  -  0.1907115059658418\n",
      "1.8348404837298256e-07  *  2.319672793874053  -  -2.6588940415237565  *  -0.2455481706069102  -  0.1907115059658418\n",
      "6.021923011647453e-09  *  2.918134233644252  -  -2.6588940415237565  *  0.7803806293720316  -  0.1907115059658418\n",
      "2.1074931037883495e-06  *  1.6619349470194869  -  -2.6588940415237565  *  0.2420384010375221  -  0.1907115059658418\n",
      "1.635188038493045e-06  *  1.8023404526607327  -  -2.6588940415237565  *  -0.2161546066265362  -  0.1907115059658418\n",
      "2.476216073041163e-07  *  2.1653788629533977  -  -2.6588940415237565  *  0.2152802833730068  -  0.1907115059658418\n",
      "1.51144050413359e-05  *  1.3445942175098242  -  -2.6588940415237565  *  -0.7764154251768243  -  0.1907115059658418\n",
      "5.0608845568609476e-06  *  1.5852672993086434  -  -2.6588940415237565  *  -0.5393070538471715  -  0.1907115059658418\n",
      "8.19618126975882e-07  *  1.9047435782139124  -  -2.6588940415237565  *  0.1188189909826984  -  0.1907115059658418\n",
      "7.195541333221822e-07  *  1.949248781864498  -  -2.6588940415237565  *  0.0407302594277677  -  0.1907115059658418\n",
      "3.676738668435633e-10  *  3.4887653796563867  -  -2.6588940415237565  *  1.171544544263563  -  0.1907115059658418\n",
      "2.0686529007269252e-10  *  3.79468686120997  -  -2.6588940415237565  *  0.2532655709725339  -  0.1907115059658418\n",
      "1.7965362184450913e-05  *  1.298329824567816  -  -2.6588940415237565  *  -0.7610139365215074  -  0.1907115059658418\n",
      "6.989322767360871e-08  *  2.4281672590208485  -  -2.6588940415237565  *  0.3767819712541521  -  0.1907115059658418\n",
      "2.47629958208782e-05  *  1.1980973722749622  -  -2.6588940415237565  *  -0.6055789617645937  -  0.1907115059658418\n",
      "6.308879030514424e-10  *  3.499265484298957  -  -2.6588940415237565  *  0.4567734669640737  -  0.1907115059658418\n",
      "9.224036648954115e-06  *  1.3876682501815556  -  -2.6588940415237565  *  -0.2040309865701546  -  0.1907115059658418\n",
      "1.3984115027231458e-07  *  2.275853649305694  -  -2.6588940415237565  *  0.3333865257566418  -  0.1907115059658418\n",
      "2.69549790111523e-08  *  2.6141938306983343  -  -2.6588940415237565  *  0.5583669502788217  -  0.1907115059658418\n",
      "1.5510046117731865e-05  *  1.257625182925136  -  -2.6588940415237565  *  -0.1791369974232226  -  0.1907115059658418\n",
      "1.3012945127026306e-05  *  1.2906696477376014  -  -2.6588940415237565  *  -0.1164252518293723  -  0.1907115059658418\n",
      "4.1550466949719005e-07  *  2.1228539805083133  -  -2.6588940415237565  *  -0.2108548845494897  -  0.1907115059658418\n",
      "7.77338142186674e-08  *  2.387564402369028  -  -2.6588940415237565  *  0.4625192507262598  -  0.1907115059658418\n",
      "1.1736614396545309e-08  *  2.840960925285384  -  -2.6588940415237565  *  0.3727425910490206  -  0.1907115059658418\n",
      "9.50367771879161e-10  *  3.2323428982958755  -  -2.6588940415237565  *  1.3705240359763322  -  0.1907115059658418\n",
      "3.583644455406496e-07  *  2.1587383731331347  -  -2.6588940415237565  *  -0.218325531562993  -  0.1907115059658418\n",
      "7.0392701317805034e-06  *  1.4431026043759745  -  -2.6588940415237565  *  -0.1438012890827261  -  0.1907115059658418\n",
      "2.2048943510656554e-06  *  1.77964010689857  -  -2.6588940415237565  *  -0.5014647947060153  -  0.1907115059658418\n",
      "3.27335301067409e-09  *  3.076521621020662  -  -2.6588940415237565  *  0.6857644422460558  -  0.1907115059658418\n",
      "2.8728278944521483e-07  *  2.144986856709304  -  -2.6588940415237565  *  0.1389066088773146  -  0.1907115059658418\n",
      "8.653359938576495e-07  *  1.904862925137132  -  -2.6588940415237565  *  0.0480475082318345  -  0.1907115059658418\n",
      "2.2087526332670417e-05  *  1.1688534694704034  -  -2.6588940415237565  *  -0.1645024998150897  -  0.1907115059658418\n",
      "2.8041094063116345e-07  *  2.1076537311732686  -  -2.6588940415237565  *  0.3714822491771053  -  0.1907115059658418\n",
      "1.33680122943249e-07  *  2.3143033946295484  -  -2.6588940415237565  *  0.1826088507936983  -  0.1907115059658418\n",
      "6.046493778568096e-07  *  1.9224508848357524  -  -2.6588940415237565  *  0.4092711761786951  -  0.1907115059658418\n",
      "1.0370729314645247e-05  *  1.414072225173757  -  -2.6588940415237565  *  -0.5749250559123041  -  0.1907115059658418\n",
      "4.225526627244632e-08  *  2.5633227123408093  -  -2.6588940415237565  *  0.2759745022398378  -  0.1907115059658418\n",
      "7.702454142621155e-08  *  2.41939121980498  -  -2.6588940415237565  *  0.3035039377026285  -  0.1907115059658418\n",
      "6.56396645629088e-07  *  1.9440170488777373  -  -2.6588940415237565  *  0.1874152220460136  -  0.1907115059658418\n",
      "5.825675951195683e-06  *  1.5256636313138725  -  -2.6588940415237565  *  -0.3750208481918227  -  0.1907115059658418\n",
      "1.5435467714498235e-06  *  1.764045935526983  -  -2.6588940415237565  *  0.0785191864293572  -  0.1907115059658418\n",
      "8.325356866534832e-07  *  1.9016290752882328  -  -2.6588940415237565  *  0.1158767482479657  -  0.1907115059658418\n",
      "9.623464639581658e-06  *  1.3896661333194162  -  -2.6588940415237565  *  -0.2828867091722687  -  0.1907115059658418\n",
      "covab 0.05389945658627499\n",
      "0.23683599923822873  *  -2.6842071251039497  -  -0.7636290555847501  *  0.3266073147643885  -  -0.25280136778788226\n",
      "0.2901878858146434  *  -2.715390615634132  -  -0.7636290555847501  *  -0.1695568475560258  -  -0.25280136778788226\n",
      "0.20546758516972324  *  -2.8898195396179167  -  -0.7636290555847501  *  -0.1373456096050274  -  -0.25280136778788226\n",
      "0.29501101983578554  *  -2.7464371973087345  -  -0.7636290555847501  *  -0.3111243157519913  -  -0.25280136778788226\n",
      "0.2165764293064392  *  -2.7285929818313144  -  -0.7636290555847501  *  0.3339245635684545  -  -0.25280136778788226\n",
      "0.38210412241427943  *  -2.279897361009597  -  -0.7636290555847501  *  0.747782713225133  -  -0.25280136778788226\n",
      "0.22798449488766268  *  -2.8208906821806297  -  -0.7636290555847501  *  -0.0821045110246805  -  -0.25280136778788226\n",
      "0.2859169553805857  *  -2.626481993323819  -  -0.7636290555847501  *  0.1704053489602899  -  -0.25280136778788226\n",
      "0.2611879877030115  *  -2.887958565335635  -  -0.7636290555847501  *  -0.5707980263315909  -  -0.25280136778788226\n",
      "0.3024373348973052  *  -2.673844686719121  -  -0.7636290555847501  *  -0.1066917037527384  -  -0.25280136778788226\n",
      "0.2763584096080691  *  -2.5065267893389023  -  -0.7636290555847501  *  0.6519350136725713  -  -0.25280136778788226\n",
      "0.31517811646394633  *  -2.613142718271056  -  -0.7636290555847501  *  0.021520631960258  -  -0.25280136778788226\n",
      "0.26255781304696063  *  -2.7874339759970974  -  -0.7636290555847501  *  -0.227740188871106  -  -0.25280136778788226\n",
      "0.12670909559015167  *  -3.225200446274981  -  -0.7636290555847501  *  -0.5032799094854251  -  -0.25280136778788226\n",
      "0.15667424257548507  *  -2.643543216941145  -  -0.7636290555847501  *  1.186194899413448  -  -0.25280136778788226\n",
      "0.23769017370686615  *  -2.383869323799374  -  -0.7636290555847501  *  1.344754344559861  -  -0.25280136778788226\n",
      "0.2029670428007713  *  -2.6225262031258074  -  -0.7636290555847501  *  0.8180896745965945  -  -0.25280136778788226\n",
      "0.25434020699161497  *  -2.648322732479126  -  -0.7636290555847501  *  0.3191366677508845  -  -0.25280136778788226\n",
      "0.404582773821741  *  -2.199077961430762  -  -0.7636290555847501  *  0.8792440880917359  -  -0.25280136778788226\n",
      "0.25577217430985394  *  -2.587346188917737  -  -0.7636290555847501  *  0.5204736388059675  -  -0.25280136778788226\n",
      "0.4255247439849424  *  -2.310531701313133  -  -0.7636290555847501  *  0.3978678215888916  -  -0.25280136778788226\n",
      "0.28875968235882354  *  -2.543234907303695  -  -0.7636290555847501  *  0.4400317546598151  -  -0.25280136778788226\n",
      "0.08588001302706452  *  -3.2158576949001048  -  -0.7636290555847501  *  0.1416155716255837  -  -0.25280136778788226\n",
      "0.4822727243549604  *  -2.303128537663882  -  -0.7636290555847501  *  0.1055226784299822  -  -0.25280136778788226\n",
      "0.4743902861803907  *  -2.3561710866838976  -  -0.7636290555847501  *  -0.0312095890683381  -  -0.25280136778788226\n",
      "0.40125826681348886  *  -2.50791722683788  -  -0.7636290555847501  *  -0.1390563399131739  -  -0.25280136778788226\n",
      "0.37708640487090367  *  -2.4690559975451225  -  -0.7636290555847501  *  0.1378873145904177  -  -0.25280136778788226\n",
      "0.28861929536631803  *  -2.56239094683675  -  -0.7636290555847501  *  0.3746845627501058  -  -0.25280136778788226\n",
      "0.2583447752163659  *  -2.6398212683765814  -  -0.7636290555847501  *  0.3192900659603216  -  -0.25280136778788226\n",
      "0.33753681393713403  *  -2.632847908030758  -  -0.7636290555847501  *  -0.1900758306336237  -  -0.25280136778788226\n",
      "0.36385804184999326  *  -2.588462051303392  -  -0.7636290555847501  *  -0.1973930794376906  -  -0.25280136778788226\n",
      "0.3640845388425163  *  -2.410077337121595  -  -0.7636290555847501  *  0.4180800082476157  -  -0.25280136778788226\n",
      "0.19288864757680227  *  -2.6476366733969  -  -0.7636290555847501  *  0.8199826325595064  -  -0.25280136778788226\n",
      "0.18136964599779348  *  -2.597159477075917  -  -0.7636290555847501  *  1.1000219280072678  -  -0.25280136778788226\n",
      "0.3024373348973052  *  -2.673844686719121  -  -0.7636290555847501  *  -0.1066917037527384  -  -0.25280136778788226\n",
      "0.1903068268921501  *  -2.866999846932534  -  -0.7636290555847501  *  0.0771930957235871  -  -0.25280136778788226\n",
      "0.2273109923701517  *  -2.6252284646804203  -  -0.7636290555847501  *  0.6068000084215858  -  -0.25280136778788226\n",
      "0.3024373348973052  *  -2.673844686719121  -  -0.7636290555847501  *  -0.1066917037527384  -  -0.25280136778788226\n",
      "0.20773613172779196  *  -2.981842664853909  -  -0.7636290555847501  *  -0.480250048856076  -  -0.25280136778788226\n",
      "0.29476616394320226  *  -2.5903230255856733  -  -0.7636290555847501  *  0.2360593372888727  -  -0.25280136778788226\n",
      "0.20678400236854502  *  -2.7701389107463235  -  -0.7636290555847501  *  0.2710594197651669  -  -0.25280136778788226\n",
      "0.3333028796092156  *  -2.8522110815663915  -  -0.7636290555847501  *  -0.9328653674695436  -  -0.25280136778788226\n",
      "0.18491419082900218  *  -2.9982964428323515  -  -0.7636290555847501  *  -0.3343075745907766  -  -0.25280136778788226\n",
      "0.4044685462393823  *  -2.405514101284701  -  -0.7636290555847501  *  0.1959172576960607  -  -0.25280136778788226\n",
      "0.4780496582526245  *  -2.2088329541767044  -  -0.7636290555847501  *  0.4426960304210026  -  -0.25280136778788226\n",
      "0.30087573520602157  *  -2.7156651907474543  -  -0.7636290555847501  *  -0.2426814828981126  -  -0.25280136778788226\n",
      "0.28135644883914734  *  -2.537573371013506  -  -0.7636290555847501  *  0.5103675454766056  -  -0.25280136778788226\n",
      "0.23689742067311662  *  -2.8403212968270086  -  -0.7636290555847501  *  -0.2205763382764762  -  -0.25280136778788226\n",
      "0.2680176391830107  *  -2.542685757077048  -  -0.7636290555847501  *  0.5862810253439881  -  -0.25280136778788226\n",
      "0.25570415433276067  *  -2.7039123148636497  -  -0.7636290555847501  *  0.1150108521705056  -  -0.25280136778788226\n",
      "0.03700832748631052  *  1.2847945878450715  -  -0.7636290555847501  *  0.6854391861329192  -  -0.25280136778788226\n",
      "0.11403141085400846  *  0.932410752982918  -  -0.7636290555847501  *  0.3191980898336484  -  -0.25280136778788226\n",
      "0.03518089520341201  *  1.4640613227790755  -  -0.7636290555847501  *  0.5041898329724525  -  -0.25280136778788226\n",
      "0.7466458312713155  *  0.1809672063476985  -  -0.7636290555847501  *  -0.8256039435761127  -  -0.25280136778788226\n",
      "0.12326641950853391  *  1.0871344872070008  -  -0.7636290555847501  *  0.0753903892887672  -  -0.25280136778788226\n",
      "0.4045926781589845  *  0.6404367495231453  -  -0.7636290555847501  *  -0.4173234829700253  -  -0.25280136778788226\n",
      "0.09147639537171132  *  1.0952237099384785  -  -0.7636290555847501  *  0.2838912109384801  -  -0.25280136778788226\n",
      "0.946540539232768  *  -0.7514671406482273  -  -0.7636290555847501  *  -1.0011075129743932  -  -0.25280136778788226\n",
      "0.1075365865816866  *  1.043297780706281  -  -0.7636290555847501  *  0.2289569087770064  -  -0.25280136778788226\n",
      "0.7804469690876122  *  -0.0101900707278535  -  -0.7636290555847501  *  -0.7205748667019007  -  -0.25280136778788226\n",
      "0.949614132046805  *  -0.5110861958950913  -  -0.7636290555847501  *  -1.2624919538621393  -  -0.25280136778788226\n",
      "0.34739629534897526  *  0.5110980606834774  -  -0.7636290555847501  *  -0.1022841050459701  -  -0.25280136778788226\n",
      "0.6242470069838524  *  0.2623357561531802  -  -0.7636290555847501  *  -0.5478932980253366  -  -0.25280136778788226\n",
      "0.1874635259145849  *  0.9840445451694309  -  -0.7636290555847501  *  -0.1243604202222778  -  -0.25280136778788226\n",
      "0.7008649271637364  *  -0.1748640019656961  -  -0.7636290555847501  *  -0.2518155710801703  -  -0.25280136778788226\n",
      "0.09369512376018098  *  0.9275729420327  -  -0.7636290555847501  *  0.4682362050431165  -  -0.25280136778788226\n",
      "0.3724892018807915  *  0.6595927890562003  -  -0.7636290555847501  *  -0.3519762910603161  -  -0.25280136778788226\n",
      "0.5568581100372436  *  0.2345405862598355  -  -0.7636290555847501  *  -0.33192182936212  -  -0.25280136778788226\n",
      "0.32055945638919514  *  0.942361707398842  -  -0.7636290555847501  *  -0.5418222581500137  -  -0.25280136778788226\n",
      "0.7229485811957692  *  0.0432464003287045  -  -0.7636290555847501  *  -0.5814894466123582  -  -0.25280136778788226\n",
      "0.1453911710203344  *  1.1162407237538157  -  -0.7636290555847501  *  -0.0842140138783732  -  -0.25280136778788226\n",
      "0.4010218731611426  *  0.3567865678304614  -  -0.7636290555847501  *  -0.0668238279413662  -  -0.25280136778788226\n",
      "0.1505235582402853  *  1.2964688502855335  -  -0.7636290555847501  *  -0.3275615197949441  -  -0.25280136778788226\n",
      "0.22081986545619012  *  0.9205026489090096  -  -0.7636290555847501  *  -0.1823903633279208  -  -0.25280136778788226\n",
